N = 50
h = 0.3
R = 400
tend = 500.0
k = 500.0
g = 9.81
dt = 0.1
rho0 = 1000.0
mu = 0.1
dampening = 0.9
fspressure = 0.00003
fsgravity = 0.00001
fsviscosity = 0.01